start=1470.769333
speed=1.000000
fullscreen=yes
brightness=-12
aid=2
sub-scale=1.000000
