start=1341.590000
speed=1.464100
volume=104.000000
fullscreen=yes
aid=2
