start=1430.768000
volume=95.000000
fullscreen=yes
aid=2
