start=372.122000
speed=1.210000
fullscreen=yes
aid=2
