start=1.835000
speed=1.000000
pause=yes
fullscreen=yes
aid=2
